[gd_resource type="SkeletonProfile" format=3 uid="uid://c73ee2wittajb"]

[resource]
group_size = 1
bone_size = 22
groups/0/group_name = &""
bones/0/bone_name = &"Waist"
bones/0/bone_parent = &""
bones/0/tail_direction = 0
bones/0/reference_pose = Transform3D(-1, -9.992007e-16, 1.5099583e-07, 2.6931608e-09, 0.99984086, 0.017836003, -1.509718e-07, 0.017836, -0.999841, 0, 0.7089215, 0)
bones/0/handle_offset = Vector2(0.5040809, 0.53960127)
bones/0/group = &""
bones/0/require = false
bones/1/bone_name = &"Stomach"
bones/1/bone_parent = &"Waist"
bones/1/tail_direction = 0
bones/1/reference_pose = Transform3D(0.9999763, 3.4488044e-09, 0.0068915, 0.00017039676, 0.9996944, -0.024725558, -0.0068893926, 0.024726147, 0.9996706, -1.54017e-16, 0.19363084, 9.313226e-10)
bones/1/handle_offset = Vector2(0.5040809, 0.41349334)
bones/1/group = &""
bones/1/require = false
bones/2/bone_name = &"Chest"
bones/2/bone_parent = &"Stomach"
bones/2/tail_direction = 0
bones/2/reference_pose = Transform3D(0.9999713, -0.00021093241, -0.0075765694, -2.107025e-05, 0.99953145, -0.030607944, 0.007579476, 0.030607225, 0.9995027, -1.3381622e-12, 0.15802088, 4.653512e-10)
bones/2/handle_offset = Vector2(0.5040809, 0.31056345)
bones/2/group = &""
bones/2/require = false
bones/3/bone_name = &"Shoulder.L"
bones/3/bone_parent = &"Chest"
bones/3/tail_direction = 0
bones/3/reference_pose = Transform3D(0.007993221, 0.9294846, 0.3687742, -0.99339324, 0.049601596, -0.103487454, -0.11448181, -0.36551058, 0.9237401, 0.034906823, 0.21249607, 0.08273001)
bones/3/handle_offset = Vector2(0.48138022, 0.17426535)
bones/3/group = &""
bones/3/require = false
bones/4/bone_name = &"Upperarm.L"
bones/4/bone_parent = &"Shoulder.L"
bones/4/tail_direction = 0
bones/4/reference_pose = Transform3D(0.6335988, 0.74258536, -0.21707039, -0.7432805, 0.5064118, -0.43712842, -0.21467817, 0.43830827, 0.872811, 0.042601362, 0.21154249, -0.01358247)
bones/4/handle_offset = Vector2(0.35629994, 0.19175667)
bones/4/group = &""
bones/4/require = false
bones/5/bone_name = &"Lowerarm.L"
bones/5/bone_parent = &"Upperarm.L"
bones/5/tail_direction = 0
bones/5/reference_pose = Transform3D(0.9962309, -0.08570914, -0.013350035, 0.08311885, 0.98725826, -0.13569264, 0.024810037, 0.13407156, 0.9906609, -8.515781e-08, 0.24290718, 1.4901161e-08)
bones/5/handle_offset = Vector2(0.25532308, 0.31239703)
bones/5/group = &""
bones/5/require = false
bones/6/bone_name = &"Hand.L"
bones/6/bone_parent = &"Lowerarm.L"
bones/6/tail_direction = 0
bones/6/reference_pose = Transform3D(-0.12391354, 0.062032763, 0.9903521, 0.10245894, 0.99350965, -0.049410764, -0.9869893, 0.095347784, -0.12946504, 1.063454e-07, 0.24545155, 1.4901161e-08)
bones/6/handle_offset = Vector2(0.14596766, 0.42250457)
bones/6/group = &""
bones/6/require = false
bones/7/bone_name = &"Neck"
bones/7/bone_parent = &"Chest"
bones/7/tail_direction = 0
bones/7/reference_pose = Transform3D(0.9999998, 0.00013111164, -0.0005821889, -0.00023959001, 0.98169696, -0.19045043, 0.0005465627, 0.19045058, 0.9816966, 1.2212453e-15, 0.27441245, 9.318429e-10)
bones/7/handle_offset = Vector2(0.5040809, 0.1319412)
bones/7/group = &""
bones/7/require = false
bones/8/bone_name = &"Head"
bones/8/bone_parent = &"Neck"
bones/8/tail_direction = 0
bones/8/reference_pose = Transform3D(0.9999998, -0.00021387733, -0.0005054728, 0.00029677871, 0.985413, 0.17017967, 0.00046170194, -0.17017978, 0.9854129, -2.5933478e-11, 0.12917136, 1.8629015e-08)
bones/8/handle_offset = Vector2(0.5040809, 0.050000012)
bones/8/group = &""
bones/8/require = false
bones/9/bone_name = &"Shoulder.R"
bones/9/bone_parent = &"Chest"
bones/9/tail_direction = 0
bones/9/reference_pose = Transform3D(0.008150935, -0.929987, -0.36750203, 0.99339324, 0.049601614, -0.10348721, 0.11447045, -0.3642305, 0.9242471, -0.034792878, 0.21249607, 0.08277798)
bones/9/handle_offset = Vector2(0.5267815, 0.17426535)
bones/9/group = &""
bones/9/require = false
bones/10/bone_name = &"Upperarm.R"
bones/10/bone_parent = &"Shoulder.R"
bones/10/tail_direction = 0
bones/10/reference_pose = Transform3D(0.67050034, -0.70826715, 0.2208774, 0.71663386, 0.5412424, -0.43987775, 0.19200276, 0.45322645, 0.8704715, -0.057360638, 0.20286371, 0.008012164)
bones/10/handle_offset = Vector2(0.6518618, 0.20355868)
bones/10/group = &""
bones/10/require = false
bones/11/bone_name = &"Lowerarm.R"
bones/11/bone_parent = &"Upperarm.R"
bones/11/tail_direction = 0
bones/11/reference_pose = Transform3D(0.9994629, -0.024901588, 0.021303533, 0.029039223, 0.97425085, -0.2235889, -0.015187265, 0.22408743, 0.9744507, -1.11118425e-07, 0.22939278, 0)
bones/11/handle_offset = Vector2(0.7528387, 0.31239724)
bones/11/group = &""
bones/11/require = false
bones/12/bone_name = &"Hand.R"
bones/12/bone_parent = &"Lowerarm.R"
bones/12/tail_direction = 0
bones/12/reference_pose = Transform3D(-0.12879527, 1.00681234e-07, -0.99167126, 5.1590003e-08, 1, 9.4826476e-08, 0.99167126, -3.894712e-08, -0.12879527, -1.0972144e-07, 0.2505969, -2.2351742e-08)
bones/12/handle_offset = Vector2(0.85403234, 0.42843312)
bones/12/group = &""
bones/12/require = false
bones/13/bone_name = &"UpperLeg.L"
bones/13/bone_parent = &"Waist"
bones/13/tail_direction = 0
bones/13/reference_pose = Transform3D(-0.9990101, 0.04092814, 0.017489405, -0.04147797, -0.9986166, -0.032323334, 0.016142279, -0.033016704, 0.99932516, 0.12412095, 0.013565249, -0.00072431203)
bones/13/handle_offset = Vector2(0.42323047, 0.53077495)
bones/13/group = &""
bones/13/require = false
bones/14/bone_name = &"LowerLeg.L"
bones/14/bone_parent = &"UpperLeg.L"
bones/14/tail_direction = 0
bones/14/reference_pose = Transform3D(0.9975107, -0.070294395, -0.005573533, 0.07050276, 0.9956897, 0.060261462, 0.0013134672, -0.060504403, 0.9981671, 1.0404619e-09, 0.31431895, 4.656613e-10)
bones/14/handle_offset = Vector2(0.4148507, 0.7353221)
bones/14/group = &""
bones/14/require = false
bones/15/bone_name = &"Foot.L"
bones/15/bone_parent = &"LowerLeg.L"
bones/15/tail_direction = 0
bones/15/reference_pose = Transform3D(0.9996505, 0.017494649, -0.019813962, -0.024008393, 0.28739846, -0.9575101, -0.0110568, 0.9576513, 0.28771806, 2.1536835e-08, 0.33257556, -4.656613e-10)
bones/15/handle_offset = Vector2(0.39103866, 0.95000005)
bones/15/group = &""
bones/15/require = false
bones/16/bone_name = &"UpperLeg.R"
bones/16/bone_parent = &"Waist"
bones/16/tail_direction = 0
bones/16/reference_pose = Transform3D(-0.9975716, -0.06747795, -0.017638758, 0.06806794, -0.99705654, -0.035285696, -0.015205904, -0.036400322, 0.99922365, -0.11616, 0.0073972344, 0.00013198105)
bones/16/handle_offset = Vector2(0.57974565, 0.53478205)
bones/16/group = &""
bones/16/require = false
bones/17/bone_name = &"LowerLeg.R"
bones/17/bone_parent = &"UpperLeg.R"
bones/17/tail_direction = 0
bones/17/reference_pose = Transform3D(0.9990348, 0.043738052, 0.0040219594, -0.043896966, 0.99738425, 0.057426117, -0.0014997325, -0.05754725, 0.9983417, 1.7884304e-08, 0.30862445, -2.3283064e-10)
bones/17/handle_offset = Vector2(0.59331095, 0.735322)
bones/17/group = &""
bones/17/require = false
bones/18/bone_name = &"Foot.R"
bones/18/bone_parent = &"LowerLeg.R"
bones/18/tail_direction = 0
bones/18/reference_pose = Transform3D(0.9996505, -0.017502211, 0.019814078, 0.024010682, 0.28739846, -0.9575101, 0.011064008, 0.9576512, 0.28771824, 2.2235326e-08, 0.33257565, 1.8626451e-09)
bones/18/handle_offset = Vector2(0.61712307, 0.95)
bones/18/group = &""
bones/18/require = false
bones/19/bone_name = &"Tail"
bones/19/bone_parent = &"Waist"
bones/19/tail_direction = 0
bones/19/reference_pose = Transform3D(0.9999763, -1.3387762e-07, 0.006891275, -0.006124937, -0.45832038, 0.88876605, 0.003158292, -0.88878715, -0.45830953, -2.0179073e-08, 0.106598966, -0.13363998)
bones/19/handle_offset = Vector2(0.5040809, 0.47172812)
bones/19/group = &""
bones/19/require = false
bones/20/bone_name = &"Tail.001"
bones/20/bone_parent = &"Tail"
bones/20/tail_direction = 0
bones/20/reference_pose = Transform3D(0.9999983, -0.0018191537, 0.00024443798, 0.001819154, 0.96452904, -0.26397043, 0.0002444352, 0.2639704, 0.96453077, -8.9927316e-11, 0.28584692, 5.960483e-08)
bones/20/handle_offset = Vector2(0.5040809, 0.56000364)
bones/20/group = &""
bones/20/require = false
bones/21/bone_name = &"Tail.002"
bones/21/bone_parent = &"Tail.001"
bones/21/tail_direction = 0
bones/21/reference_pose = Transform3D(0.9999982, -0.0018829744, 0.00026223107, 0.001882974, 0.96194655, -0.27323115, 0.00026223497, 0.27323115, 0.9619484, -2.9268923e-10, 0.25829464, -4.4703093e-08)
bones/21/handle_offset = Vector2(0.5040809, 0.597836)
bones/21/group = &""
bones/21/require = false
